hash,ver,vin_sz,vout_sz,size,weight,fee,relayed_by,lock_time,tx_index,double_spend,time,block_index,block_height,inputs,out,result,balance
9c9b7b740a2a143054774d334fd755f2f17f16186ac0fbac46e32028e2d184a1,1,1,1,192,768,194,0.0.0.0,0,5682938528465948,False,1701516854,,,"[{'sequence': 4294967295, 'witness': '', 'script': '483045022100cf2f825333b3ec947e47bed81f3c628a12b2b7cda8617bdb9722d14adadcda2502200b1a56cd1ce3314956e6301ba911a36bb76694a66a7b1fe35c9cf5b6c8f811730121037dec38605e06ee63a5dbe93eef2a5e859d5a9ebf09a215903cd99a1361bb3d51', 'index': 0, 'prev_out': {'type': 0, 'spent': True, 'value': 794, 'spending_outpoints': [{'tx_index': 5682938528465948, 'n': 0}], 'n': 351, 'tx_index': 8940705351436532, 'script': '76a91487e6d559e91f63fc89a92086f190881c59a48f3188ac', 'addr': '1DPakV2GP7LRMsFw7f4DxqsyqRx1gcaewi'}}]","[{'type': 0, 'spent': False, 'value': 600, 'spending_outpoints': [], 'n': 0, 'tx_index': 5682938528465948, 'script': '76a91487ccbdb1aba7e6875f750c0823bd63bf972a2fa988ac', 'addr': '1DP3VYwN6ozHXDDaETbvNFLd86CAXfaewi'}]",600,1000000587852
fe0d9529b2d9a446f5533fb67494c54bba09e9fe663068eea01173e158c40a37,2,1,2,196,580,1022,0.0.0.0,0,1936620267515490,False,1730592838,868621.0,868621.0,"[{'sequence': 4294967293, 'witness': '01409de6021051c7e2d74940095f7423d4347e438b4b0c0145e2c37f00d29a94b080047a59ea3de836b1ccbf3d038350e2a21c1c2fdd98b41d6045f29cb8babcb31d', 'script': '', 'index': 0, 'prev_out': {'type': 0, 'spent': True, 'value': 2040904, 'spending_outpoints': [{'tx_index': 1936620267515490, 'n': 0}], 'n': 1, 'tx_index': 3594932044758445, 'script': '5120018741e469129d1d22e434729b170ab7f25c4167e5faed2247d40e7cc6655653', 'addr': 'bc1pqxr5rerfz2w36ghyx3efk9c2kle9cst8uhaw6gj86s88e3n92efsff5ghp'}}]","[{'type': 0, 'spent': False, 'value': 14400, 'spending_outpoints': [], 'n': 0, 'tx_index': 1936620267515490, 'script': '76a91487ccbdb1aba7e6875f750c0823bd63bf972a2fa988ac', 'addr': '1DP3VYwN6ozHXDDaETbvNFLd86CAXfaewi'}, {'type': 0, 'spent': True, 'value': 2025482, 'spending_outpoints': [{'tx_index': 7516202163802437, 'n': 0}], 'n': 1, 'tx_index': 1936620267515490, 'script': '5120018741e469129d1d22e434729b170ab7f25c4167e5faed2247d40e7cc6655653', 'addr': 'bc1pqxr5rerfz2w36ghyx3efk9c2kle9cst8uhaw6gj86s88e3n92efsff5ghp'}]",14400,1000000587252
d6431337a3e07c999492777dc907b08f346c04a7c5917e2fe42706ff9a269df4,2,1,6,393,1572,1379,0.0.0.0,861615,8606585431515332,False,1726530948,861616.0,861616.0,"[{'sequence': 4294967293, 'witness': '', 'script': '47304402202b224c0548bc351d90f289f13d25ee86c1fdeb19d525d949349f6630bdbc2bca0220724cb1127c35fda6b8c6bb24ec2093c95cb8a53743a2a985c3efce93dbee0e37014104f50d93ef03bec41d391d66d5831fd2e576e22f1c40415abe95d00c5283979571054dae289e6eba1c3fbf64b2eb2c6541b802346fb84ef8db6d0825ce30084999', 'index': 0, 'prev_out': {'type': 0, 'spent': True, 'value': 13976, 'spending_outpoints': [{'tx_index': 8606585431515332, 'n': 0}], 'n': 10, 'tx_index': 3230836420024661, 'script': '76a914b67272f8a0cce4d91ab2a487b07e7273e25886c188ac', 'addr': '1Hdh5ydmr8j84AxR6w774woezKWx1vWzmN'}}]","[{'type': 0, 'spent': False, 'value': 1216, 'spending_outpoints': [], 'n': 0, 'tx_index': 8606585431515332, 'script': '76a91487ccbdb1aba7e6875f750c0823bd63bf972a2fa988ac', 'addr': '1DP3VYwN6ozHXDDaETbvNFLd86CAXfaewi'}, {'type': 0, 'spent': True, 'value': 1237, 'spending_outpoints': [{'tx_index': 4347379950498580, 'n': 0}], 'n': 1, 'tx_index': 8606585431515332, 'script': '76a91420d45a6a762535700ce9e0b216e31994335db8a588ac', 'addr': '13zb1hQbWVsc2S7ZTZnP2G4undNNpdh5so'}, {'type': 0, 'spent': False, 'value': 1246, 'spending_outpoints': [], 'n': 2, 'tx_index': 8606585431515332, 'script': '76a914a91b3e836ce8da023fb32f6866eb09096a34ac8888ac', 'addr': '1GR9qNz7zgtaW5HwwVpEJWMnGWhsbsieCG'}, {'type': 0, 'spent': False, 'value': 1256, 'spending_outpoints': [], 'n': 3, 'tx_index': 8606585431515332, 'script': '76a91408ce7ebb4a2d701d1e1f06505d5c9c26ccd3c19888ac', 'addr': '1oZn4bJWSPPLTcQYR8xDz7mhpJmyvSk8m'}, {'type': 0, 'spent': False, 'value': 2260, 'spending_outpoints': [], 'n': 4, 'tx_index': 8606585431515332, 'script': '76a91407d1c36d2be12e112e8e3fb7f8d12eee7496ef9d88ac', 'addr': '1iM1xafZpdkUgydYqsh8zrD3tvg1ujb4M'}, {'type': 0, 'spent': True, 'value': 5382, 'spending_outpoints': [{'tx_index': 5529008188139211, 'n': 0}], 'n': 5, 'tx_index': 8606585431515332, 'script': '76a914b67272f8a0cce4d91ab2a487b07e7273e25886c188ac', 'addr': '1Hdh5ydmr8j84AxR6w774woezKWx1vWzmN'}]",1216,1000000572852
473149f56b319d175b20f0986036bc0d6065461fe2ba073989fc830e21069f05,2,1,1,343,598,900,0.0.0.0,0,197777944596607,False,1718642994,850998.0,850998.0,"[{'sequence': 4294967295, 'witness': '0340c79d6c429c2ec6815ce5aa61a3f36904c3aa816be0462cadc4bbcfac9252c013903eccaf180f0daaa30f3b2d748b4a15805bfdd98b2e98ef403ff7df75d62f739b202ed0aac521d860ee19195632ebb00999fe101a1734d987676bac0843921d7cdaac0063036f7264010118746578742f706c61696e3b636861727365743d7574662d38004c547b2270223a226272632d3230222c226f70223a226d696e74222c227469636b223a2252455744222c22616d74223a22313030222c2277656273697465223a227777772e62726332307265776172642e636f6d227d6821c02ed0aac521d860ee19195632ebb00999fe101a1734d987676bac0843921d7cda', 'script': '', 'index': 0, 'prev_out': {'type': 0, 'spent': True, 'value': 1446, 'spending_outpoints': [{'tx_index': 197777944596607, 'n': 0}], 'n': 9, 'tx_index': 2703012732731307, 'script': '51209c9dde276c872bebaf558b55d2ff1f48b7d510df44447ee4eeaa462dc03984ae', 'addr': 'bc1pnjwaufmvsu47ht643d2a9lclfzma2yxlg3z8ae8w4frzmspesjhqtradck'}}]","[{'type': 0, 'spent': False, 'value': 546, 'spending_outpoints': [], 'n': 0, 'tx_index': 197777944596607, 'script': '76a91487ccbdb1aba7e6875f750c0823bd63bf972a2fa988ac', 'addr': '1DP3VYwN6ozHXDDaETbvNFLd86CAXfaewi'}]",546,1000000571636
540d06a56e55eb431a457fff5407f21546cd8fc8ada42596a1f5cae0d1da5ca8,2,1,8,429,1389,12047,0.0.0.0,827835,5923736372648286,False,1706469520,827836.0,827836.0,"[{'sequence': 4294967293, 'witness': '0247304402204d067d4b2759ac337636b2fafbf0585d36ed09f3cff55f2aa1de752fa4746f60022077d5176896fa075c4fd042351bbc690391518a959567b1e8489753629095a8280121032d564a1548cf7a6f4515fccb21fae11b9320c88e4c2dfd347f985aaff87359f6', 'script': '', 'index': 0, 'prev_out': {'type': 0, 'spent': True, 'value': 107237, 'spending_outpoints': [{'tx_index': 5923736372648286, 'n': 0}], 'n': 3, 'tx_index': 3362426138207596, 'script': '0014410d100eac9cbb49f9fa6629a87e9d65ffd1cf75', 'addr': 'bc1qgyx3qr4vnja5n706vc56sl5avhlarnm4aypka8'}}]","[{'type': 0, 'spent': False, 'value': 800, 'spending_outpoints': [], 'n': 0, 'tx_index': 5923736372648286, 'script': '76a91455ef18af8ee521862d32b826a5e1e0d248eca98088ac', 'addr': '18qNs1yBGGKR8RyErnEF5kegbNUgPfixhS'}, {'type': 0, 'spent': False, 'value': 820, 'spending_outpoints': [], 'n': 1, 'tx_index': 5923736372648286, 'script': '76a9144bbd3511c60a2adc6f6b0aa5ee7fbbdeaf1a9ff888ac', 'addr': '17uULjz9moeLyjXHoKNwDRgKzf8ahY3Jia'}, {'type': 0, 'spent': False, 'value': 830, 'spending_outpoints': [], 'n': 2, 'tx_index': 5923736372648286, 'script': '76a914e28faa70532d9992840075ed898319e3ec572c7588ac', 'addr': '1MewpRkpcbFdqamPPYc1bXa9AJ189Succy'}, {'type': 0, 'spent': False, 'value': 840, 'spending_outpoints': [], 'n': 3, 'tx_index': 5923736372648286, 'script': '76a9140e2525ac9793e73c284f067aecab5f10f5ce6dd688ac', 'addr': '12HnxiXEeKUVjQRbMVTytsGWnzHd5LdGCt'}, {'type': 0, 'spent': False, 'value': 840, 'spending_outpoints': [], 'n': 4, 'tx_index': 5923736372648286, 'script': '76a91487ccbdb1aba7e6875f750c0823bd63bf972a2fa988ac', 'addr': '1DP3VYwN6ozHXDDaETbvNFLd86CAXfaewi'}, {'type': 0, 'spent': False, 'value': 860, 'spending_outpoints': [], 'n': 5, 'tx_index': 5923736372648286, 'script': '76a914e51e900d200db76790d1fecdb7e359344233e12d88ac', 'addr': '1MtUMTqtdrpT6Rar5fgWoyrzAevatssej5'}, {'type': 0, 'spent': False, 'value': 890, 'spending_outpoints': [], 'n': 6, 'tx_index': 5923736372648286, 'script': '76a914edf9b187cd16b0e1de0161e271c2111a7369771b88ac', 'addr': '1NhJGUJu8rrTwPS4vopsdTqqcK4nAwdLwJ'}, {'type': 0, 'spent': True, 'value': 89310, 'spending_outpoints': [{'tx_index': 2844250664782775, 'n': 0}], 'n': 7, 'tx_index': 5923736372648286, 'script': '0014abfaee50563c3dba2d004a60230606e207bbfe59', 'addr': 'bc1q40awu5zk8s7m5tgqffszxpsxugrmhljeldeu5m'}]",840,1000000571090
785c7d809634ee8fe3e4c32790d8c9b90405505b9340409007ea26c8c326cefc,2,2,2,303,810,14140,0.0.0.0,0,8894795002479837,False,1705540202,826198.0,826198.0,"[{'sequence': 2147483649, 'witness': '0140807f336d9a429d6e120c01caff22d546ebacb2e85032bd385232bef713edec7745bc43ed762750e2570b5ce0276e9959f1825584872c90a5e823efd62f52751f', 'script': '', 'index': 0, 'prev_out': {'type': 0, 'spent': True, 'value': 546, 'spending_outpoints': [{'tx_index': 8894795002479837, 'n': 0}], 'n': 0, 'tx_index': 8816978635308798, 'script': '5120f6dbf1e886f2f83ddbc4fff6c9d3371864fc9baa5f9c2b6b069348074b4745b3', 'addr': 'bc1p7mdlr6yx7turmk7yllmvn5ehrpj0exa2t7wzk6cxjdyqwj68gkesrjg8zt'}}, {'sequence': 2147483649, 'witness': '014071409773889c2ce64d0c0b8f39f539c32056992227ed64f74a737640935342fffd56160b01acc280131ab58da83b085f38a97de8102e8968685662baaad4610b', 'script': '', 'index': 1, 'prev_out': {'type': 0, 'spent': True, 'value': 372792, 'spending_outpoints': [{'tx_index': 8894795002479837, 'n': 1}], 'n': 1, 'tx_index': 6494297048701283, 'script': '5120f6dbf1e886f2f83ddbc4fff6c9d3371864fc9baa5f9c2b6b069348074b4745b3', 'addr': 'bc1p7mdlr6yx7turmk7yllmvn5ehrpj0exa2t7wzk6cxjdyqwj68gkesrjg8zt'}}]","[{'type': 0, 'spent': False, 'value': 546, 'spending_outpoints': [], 'n': 0, 'tx_index': 8894795002479837, 'script': '76a91487ccbdb1aba7e6875f750c0823bd63bf972a2fa988ac', 'addr': '1DP3VYwN6ozHXDDaETbvNFLd86CAXfaewi'}, {'type': 0, 'spent': True, 'value': 358652, 'spending_outpoints': [{'tx_index': 8243507727767523, 'n': 0}], 'n': 1, 'tx_index': 8894795002479837, 'script': '5120f6dbf1e886f2f83ddbc4fff6c9d3371864fc9baa5f9c2b6b069348074b4745b3', 'addr': 'bc1p7mdlr6yx7turmk7yllmvn5ehrpj0exa2t7wzk6cxjdyqwj68gkesrjg8zt'}]",546,1000000570250
dcf30235a942216f79dae64e51290d7a1b4c4af9de0b6e577efcd669386c0dc6,1,1,2,249,669,3350,0.0.0.0,0,6968350480349919,False,1667572581,761702.0,761702.0,"[{'sequence': 0, 'witness': '02473044022052549408913d52fa3c1433ba8405903458811db06d1523a037804161a1c400040220365b35683bc07b19c76ed1414c2faa28ae88990f9c3344870497efa78b763001012102a9476d41ef2293c2071ed3c2944f26c8f8ef72eb98af99fc4dc597a7fb9f1d40', 'script': '1600141194235c123bcef95c49815b838198f86e23b9ea', 'index': 0, 'prev_out': {'type': 0, 'spent': True, 'value': 1954282577997, 'spending_outpoints': [{'tx_index': 6968350480349919, 'n': 0}], 'n': 1, 'tx_index': 6643756647749288, 'script': 'a9148dc43a30122d1e621c7e604dab9b02f2b0d8583987', 'addr': '3EccGhkTmgaoVxBR9ggofDnQpeGZGjky4L'}}]","[{'type': 0, 'spent': False, 'value': 1000000000000, 'spending_outpoints': [], 'n': 0, 'tx_index': 6968350480349919, 'script': '76a91487ccbdb1aba7e6875f750c0823bd63bf972a2fa988ac', 'addr': '1DP3VYwN6ozHXDDaETbvNFLd86CAXfaewi'}, {'type': 0, 'spent': True, 'value': 954282574647, 'spending_outpoints': [{'tx_index': 2247760804412905, 'n': 0}], 'n': 1, 'tx_index': 6968350480349919, 'script': 'a91485c48a7351e2da28444ac316bc649070252e2e5887', 'addr': '3DtKExDtwnD3d5f6vq7ERSzqt1idx54b4V'}]",1000000000000,1000000569704
1953a111774d96bb19e2a115da85839f793ab8f02a992d653fb1536cafd2a7c7,1,1,2,250,670,3350,0.0.0.0,0,7024755461687926,False,1667572258,761701.0,761701.0,"[{'sequence': 0, 'witness': '024830450221009c7eb303acad7454536a7b2560c314af8f74c567b0dcbf33eea0bbc26b6e1b0802207d075bfe6b212bed218c7d02fae18093e10cdb1421984710c6ea09c9bfeaa50c012102b1d164b3c291badebb55b7a67a591df6ff0a203b9a05658a5fe23cfa59e902ab', 'script': '16001420e0a14d151146295ba61589ab6cd30502ee43da', 'index': 0, 'prev_out': {'type': 0, 'spent': True, 'value': 150000, 'spending_outpoints': [{'tx_index': 7024755461687926, 'n': 0}], 'n': 0, 'tx_index': 8241555210061950, 'script': 'a914945ddcd6abdf86c557d706655f7b8cb8bd97bf7187', 'addr': '3FDWNdFxrJxXoF4hWXF4dkc1FFxsNyKAHh'}}]","[{'type': 0, 'spent': False, 'value': 100000, 'spending_outpoints': [], 'n': 0, 'tx_index': 7024755461687926, 'script': '76a91487ccbdb1aba7e6875f750c0823bd63bf972a2fa988ac', 'addr': '1DP3VYwN6ozHXDDaETbvNFLd86CAXfaewi'}, {'type': 0, 'spent': True, 'value': 46650, 'spending_outpoints': [{'tx_index': 4597605838665116, 'n': 1}], 'n': 1, 'tx_index': 7024755461687926, 'script': 'a914627ff69fe9f60ea7da4c8927f4e54deec362a1f187', 'addr': '3AfqSPqHa2DkkBidNmypZWocf76o5C1RKK'}]",100000,569704
e277351cc0ec5e7101a2d9f9f3fe276c53db29ccbce32852d8b646558f8470c2,1,1,2,223,892,5296,0.0.0.0,0,6841232515573974,False,1667384359,761392.0,761392.0,"[{'sequence': 4294967295, 'witness': '', 'script': '47304402201f3d07089c5d85d71452e76da2076e7c2709596f64d66dfc3ed1c75ec42ca5800220092ab55cc5ae0cf0847ed308f61cd60d5cf68cc570728990727697638752cfce01210252b0c8673488f07dd67a9c5555e78c5e9aca537661438c523bd26ec7ebc1d3c6', 'index': 0, 'prev_out': {'type': 0, 'spent': True, 'value': 500000, 'spending_outpoints': [{'tx_index': 6841232515573974, 'n': 0}], 'n': 0, 'tx_index': 2885622613712651, 'script': '76a91487ccbdb1aba7e6875f750c0823bd63bf972a2fa988ac', 'addr': '1DP3VYwN6ozHXDDaETbvNFLd86CAXfaewi'}}]","[{'type': 0, 'spent': True, 'value': 25000, 'spending_outpoints': [{'tx_index': 92467642376165, 'n': 13}], 'n': 0, 'tx_index': 6841232515573974, 'script': 'a914987d41b49831ebdbdeedcb1fca1cb3f3c50558e487', 'addr': '3FbJggpjbTXEdemtu8gAivZAJ2fWQj75AM'}, {'type': 0, 'spent': False, 'value': 469704, 'spending_outpoints': [], 'n': 1, 'tx_index': 6841232515573974, 'script': '76a91487ccbdb1aba7e6875f750c0823bd63bf972a2fa988ac', 'addr': '1DP3VYwN6ozHXDDaETbvNFLd86CAXfaewi'}]",-30296,469704
8c5141f540224f8a63e3ddb633fc845356fbde7964a4c03fc95bf8c4f6aa0352,1,1,2,249,669,2513,0.0.0.0,0,2885622613712651,False,1667374248,761379.0,761379.0,"[{'sequence': 0, 'witness': '0247304402205c479eb83fd3edfa7e6a5f67b8128871b0ec8be4e25a3d54158ef036d86c28cf0220772150b52aa15a8a97003b7af6417f37e32ecfff829daeaf1d867d2dd2f7209201210243ccffc80f8218475aeddaf99e8ccaa31667a546fc12cb1f0bd7bc802d00221c', 'script': '16001458dee3a673fa1874c22f44bc21e1ba2a7199c246', 'index': 0, 'prev_out': {'type': 0, 'spent': True, 'value': 5056235578674, 'spending_outpoints': [{'tx_index': 2885622613712651, 'n': 0}], 'n': 1, 'tx_index': 5270363524973132, 'script': 'a91493225003dfb44ba5874e8e3292b790eeb4b32ff287', 'addr': '3F6zMpas8RxdXYhtTXc836cQfGC5HgXNy8'}}]","[{'type': 0, 'spent': True, 'value': 500000, 'spending_outpoints': [{'tx_index': 6841232515573974, 'n': 0}], 'n': 0, 'tx_index': 2885622613712651, 'script': '76a91487ccbdb1aba7e6875f750c0823bd63bf972a2fa988ac', 'addr': '1DP3VYwN6ozHXDDaETbvNFLd86CAXfaewi'}, {'type': 0, 'spent': True, 'value': 5056235076161, 'spending_outpoints': [{'tx_index': 5737683545502089, 'n': 0}], 'n': 1, 'tx_index': 2885622613712651, 'script': 'a9146af09711cd0e1688ec4931e881795f3d8d56d05c87', 'addr': '3BSTmNXqtKU3Cf47LRoERDpjVjwXJkiD8P'}]",500000,500000
