hash,ver,vin_sz,vout_sz,size,weight,fee,relayed_by,lock_time,tx_index,double_spend,time,block_index,block_height,inputs,out,result,balance
90f02d292e295c74ba2731a2e00f28d19a752765872576e5e81a4e9a8a4949ee,1,1,1,192,768,194,0.0.0.0,0,8383953082993091,False,1701516861,,,"[{'sequence': 4294967295, 'witness': '', 'script': '483045022100bfa7ff1700960e5c6b33bb21db76e5b448fb7df797f0b255f08f0caee72e74ad022023a88e4cee8cf3d7c22326f5f6e9f3f91662601be0ba6cf981b670911e778e930121029f0fac4fda6c60720a8aba0eeeb55c01dff0059bb10768ed8427eaf55d19ed93', 'index': 0, 'prev_out': {'type': 0, 'spent': True, 'value': 794, 'spending_outpoints': [{'tx_index': 8383953082993091, 'n': 0}], 'n': 352, 'tx_index': 8940705351436532, 'script': '76a914afcf73266ca6a2caa5803b981b4ad7f11a2af89088ac', 'addr': '1H2bmSFvdJAv2wkzNZJTE72zSdiH5Kc4kP'}}]","[{'type': 0, 'spent': False, 'value': 600, 'spending_outpoints': [], 'n': 0, 'tx_index': 8383953082993091, 'script': '76a9140307c91ad43258578beb1eb2ac0390845faf9dd188ac', 'addr': '1H2MXWiSniAgg7ykdXEzPHL6oTH1ic4kP'}]",600,1000000326901
4c34a9ee02dcf7a0425790892edec7dcafdb5c9b72b1fc8430d77cd75ad237e2,2,1,2,196,580,1022,0.0.0.0,0,7959340167917466,False,1730582799,868609.0,868609.0,"[{'sequence': 4294967293, 'witness': '014095281372f3413252c34f77f9a91e91932837450beb6e2e8a10a0e4b3f8a17eddb38ecb0b4dcb77b88db850b9702f85a91c8e5dd268e8ee1c89e20e9a3c16088a', 'script': '', 'index': 0, 'prev_out': {'type': 0, 'spent': True, 'value': 4246736, 'spending_outpoints': [{'tx_index': 7959340167917466, 'n': 0}], 'n': 1, 'tx_index': 6729824262817331, 'script': '5120018741e469129d1d22e434729b170ab7f25c4167e5faed2247d40e7cc6655653', 'addr': 'bc1pqxr5rerfz2w36ghyx3efk9c2kle9cst8uhaw6gj86s88e3n92efsff5ghp'}}]","[{'type': 0, 'spent': False, 'value': 14410, 'spending_outpoints': [], 'n': 0, 'tx_index': 7959340167917466, 'script': '76a9140307c91ad43258578beb1eb2ac0390845faf9dd188ac', 'addr': '1H2MXWiSniAgg7ykdXEzPHL6oTH1ic4kP'}, {'type': 0, 'spent': True, 'value': 4231304, 'spending_outpoints': [{'tx_index': 1923932756447223, 'n': 0}], 'n': 1, 'tx_index': 7959340167917466, 'script': '5120018741e469129d1d22e434729b170ab7f25c4167e5faed2247d40e7cc6655653', 'addr': 'bc1pqxr5rerfz2w36ghyx3efk9c2kle9cst8uhaw6gj86s88e3n92efsff5ghp'}]",14410,1000000326301
64ed6b400510f8196fc0acf69ca2abbd85354cb00224df0fdc0c2066f8c3f376,2,1,1,343,598,900,0.0.0.0,0,4185258782934017,False,1718642993,851012.0,851012.0,"[{'sequence': 4294967295, 'witness': '0340c30b7c0988bdf3584212c2be1dd56cb797ae0ed6fd467f97fbbbf62db0fa2745d9ceecc6aaba8f18f48601dc8f426d545f77ccdba7f9fec90f62e9f18556e9739b202ed0aac521d860ee19195632ebb00999fe101a1734d987676bac0843921d7cdaac0063036f7264010118746578742f706c61696e3b636861727365743d7574662d38004c547b2270223a226272632d3230222c226f70223a226d696e74222c227469636b223a2252455744222c22616d74223a22313030222c2277656273697465223a227777772e62726332307265776172642e636f6d227d6821c02ed0aac521d860ee19195632ebb00999fe101a1734d987676bac0843921d7cda', 'script': '', 'index': 0, 'prev_out': {'type': 0, 'spent': True, 'value': 1446, 'spending_outpoints': [{'tx_index': 4185258782934017, 'n': 0}], 'n': 10, 'tx_index': 2703012732731307, 'script': '51209c9dde276c872bebaf558b55d2ff1f48b7d510df44447ee4eeaa462dc03984ae', 'addr': 'bc1pnjwaufmvsu47ht643d2a9lclfzma2yxlg3z8ae8w4frzmspesjhqtradck'}}]","[{'type': 0, 'spent': False, 'value': 546, 'spending_outpoints': [], 'n': 0, 'tx_index': 4185258782934017, 'script': '76a9140307c91ad43258578beb1eb2ac0390845faf9dd188ac', 'addr': '1H2MXWiSniAgg7ykdXEzPHL6oTH1ic4kP'}]",546,1000000311891
558aea445bc91f60aff0888e42b4501f48a44f6fb703836ab9beb12ff014944b,1,1,13,592,2368,51477,0.0.0.0,0,2659180112901687,False,1709799518,833544.0,833544.0,"[{'sequence': 4294967295, 'witness': '', 'script': '47304402201e19a980d444c29aaa4df2df5f2989d92d8f4423b32098a3feb2cc662c42248502204c7cf8096a29a035b9d07cedce9fa4757e66a014781cfb2c0d4ebf6aca9ad7810121020a3c990850d18f85d3fcbce06ebf933a84e67b31e0c945dfd9a3372cb466614b', 'index': 0, 'prev_out': {'type': 0, 'spent': True, 'value': 11982466, 'spending_outpoints': [{'tx_index': 2659180112901687, 'n': 0}], 'n': 0, 'tx_index': 6779878314526851, 'script': '76a9143b302a35fa7e577b70315ed7e9e4c6e013002bb788ac', 'addr': '16PxZsdcf58fWvx56hfEihNNyxtJnuLBjj'}}]","[{'type': 0, 'spent': True, 'value': 74859, 'spending_outpoints': [{'tx_index': 4595456462259591, 'n': 191}], 'n': 0, 'tx_index': 2659180112901687, 'script': '0014047f284c6efe3b9408cb8b59313a1f7f05abe0b0', 'addr': 'bc1qq3ljsnrwlcaegzxt3dvnzwsl0uz6hc9skkm2uh'}, {'type': 0, 'spent': True, 'value': 104839, 'spending_outpoints': [{'tx_index': 5972910829959729, 'n': 1}], 'n': 1, 'tx_index': 2659180112901687, 'script': 'a9146d9c876378fadc726cbad87db28fe954927f344087', 'addr': '3Bgb6GZyEaZdaqtd5dtB9zpwxSJEvwsf7z'}, {'type': 0, 'spent': True, 'value': 272041, 'spending_outpoints': [{'tx_index': 3575014794301041, 'n': 1}], 'n': 2, 'tx_index': 2659180112901687, 'script': '00204ef4c8f2f0db27e9b316d07cbd00b754ea3b4c0a6d72aae2db454c05449cc9fc', 'addr': 'bc1qfm6v3uhsmvn7nvck6p7t6q9h2n4rknq2d4e24ckmg4xq23yue87qa2qkcg'}, {'type': 0, 'spent': True, 'value': 298356, 'spending_outpoints': [{'tx_index': 8114274892966344, 'n': 0}], 'n': 3, 'tx_index': 2659180112901687, 'script': '00148456152664f030864f92d904177bf00f21360bde', 'addr': 'bc1qs3tp2fny7qcgvnujmyzpw7lspusnvz77twrajd'}, {'type': 0, 'spent': True, 'value': 148879, 'spending_outpoints': [{'tx_index': 5993674269611601, 'n': 185}], 'n': 4, 'tx_index': 2659180112901687, 'script': '0014a491d68fb400c0cb09b7b52300e53787f4b7333f', 'addr': 'bc1q5jgadra5qrqvkzdhk53spefhsl6twvel4a4my5'}, {'type': 0, 'spent': True, 'value': 51453, 'spending_outpoints': [{'tx_index': 7123384470082742, 'n': 110}], 'n': 5, 'tx_index': 2659180112901687, 'script': 'a91465b177e2c967ff55ac5f64ff44d2a5272e3d98af87', 'addr': '3AximdeEyupUU2ce27DuqmBqyo4Kx6BxBe'}, {'type': 0, 'spent': True, 'value': 25000, 'spending_outpoints': [{'tx_index': 7699003990653465, 'n': 392}], 'n': 6, 'tx_index': 2659180112901687, 'script': 'a91425e6671a7dd608c068f9c0596ffe119884078d7987', 'addr': '359QwJeUTFjPJ5rQ8T4xPeiDpHQGsgYAet'}, {'type': 0, 'spent': True, 'value': 5066937, 'spending_outpoints': [{'tx_index': 6094701466049499, 'n': 0}], 'n': 7, 'tx_index': 2659180112901687, 'script': 'a914941ad9dcb9aa16e19f8ae596c0157ea3f85f894487', 'addr': '3FC86aPh8biq9GPkJKxmQe9FH2VyZWzmeF'}, {'type': 0, 'spent': False, 'value': 14949, 'spending_outpoints': [], 'n': 8, 'tx_index': 2659180112901687, 'script': '76a9140307c91ad43258578beb1eb2ac0390845faf9dd188ac', 'addr': '1H2MXWiSniAgg7ykdXEzPHL6oTH1ic4kP'}, {'type': 0, 'spent': True, 'value': 3710967, 'spending_outpoints': [{'tx_index': 2274408475031327, 'n': 9}], 'n': 9, 'tx_index': 2659180112901687, 'script': '0020070dfbc389b911d38785f2bbb1f7bf45ce09928370b2a5b39565f110d5cf6d58', 'addr': 'bc1qquxlhsufhyga8pu972amraalgh8qny5rwze2tvu4vhc3p4w0d4vqqwdt6y'}, {'type': 0, 'spent': False, 'value': 1808188, 'spending_outpoints': [], 'n': 10, 'tx_index': 2659180112901687, 'script': '00142ee4cf0170e39f8355543b96572582059015ca57', 'addr': 'bc1q9mjv7qtsuw0cx4258wt9wfvzqkgptjjh460nzz'}, {'type': 0, 'spent': True, 'value': 320647, 'spending_outpoints': [{'tx_index': 5560589978287196, 'n': 64}], 'n': 11, 'tx_index': 2659180112901687, 'script': 'a914124bb6092fef970705c1a8cb4ebb986709db446887', 'addr': '33MknVe6Pbb7aPpQWd42cE7RcitD8zJCfg'}, {'type': 0, 'spent': True, 'value': 33874, 'spending_outpoints': [{'tx_index': 7617043636587263, 'n': 1}], 'n': 12, 'tx_index': 2659180112901687, 'script': '0014246fff3250d2d74062b4786fe70917a8d23dcfa1', 'addr': 'bc1qy3hl7vjs6tt5qc450ph7wzgh4rfrmnap2dat5w'}]",14949,1000000311345
09bdbd6c00afe7d8c832b2b26b98f2a4cda06e111ee391add64c915105c6f297,2,2,2,303,810,3030,0.0.0.0,0,5346206723748393,False,1708571762,831487.0,831487.0,"[{'sequence': 2147483649, 'witness': '01408e33e11acd719f1159f8c3bfe8b8c8b26255ed854c9833605412dbad894c34aeace70a052fe13adf62f47be4a8a81bee70d7a22f59a00ba689ec61bb2387c8be', 'script': '', 'index': 0, 'prev_out': {'type': 0, 'spent': True, 'value': 330, 'spending_outpoints': [{'tx_index': 5346206723748393, 'n': 0}], 'n': 0, 'tx_index': 2410930865180563, 'script': '51205e3b0dde7004a3f927dc6167b6593b9293953d12145a121b242386b7c8ad92fa', 'addr': 'bc1ptcasmhnsqj3ljf7uv9nmvkfmj2fe20gjz3dpyxeyywrt0j9djtaq7m97sq'}}, {'sequence': 2147483649, 'witness': '01402262c46ddd23dbeedd36f84bd0d3a574b82245605a31a488b5211d84a629510dc44d8d9213debac22de14d13eeeb948326f9cba273a9661211006251a987441f', 'script': '', 'index': 1, 'prev_out': {'type': 0, 'spent': True, 'value': 90697, 'spending_outpoints': [{'tx_index': 5346206723748393, 'n': 1}], 'n': 1, 'tx_index': 6784172187933368, 'script': '51205e3b0dde7004a3f927dc6167b6593b9293953d12145a121b242386b7c8ad92fa', 'addr': 'bc1ptcasmhnsqj3ljf7uv9nmvkfmj2fe20gjz3dpyxeyywrt0j9djtaq7m97sq'}}]","[{'type': 0, 'spent': False, 'value': 546, 'spending_outpoints': [], 'n': 0, 'tx_index': 5346206723748393, 'script': '76a9140307c91ad43258578beb1eb2ac0390845faf9dd188ac', 'addr': '1H2MXWiSniAgg7ykdXEzPHL6oTH1ic4kP'}, {'type': 0, 'spent': True, 'value': 87451, 'spending_outpoints': [{'tx_index': 6288132036204342, 'n': 1}], 'n': 1, 'tx_index': 5346206723748393, 'script': '51205e3b0dde7004a3f927dc6167b6593b9293953d12145a121b242386b7c8ad92fa', 'addr': 'bc1ptcasmhnsqj3ljf7uv9nmvkfmj2fe20gjz3dpyxeyywrt0j9djtaq7m97sq'}]",546,1000000296396
201ffd0d2de9bc8a0e3c9dc87ec811f9a8cfcd2f090563626a969f8c9c2077d8,2,2,2,303,810,13938,0.0.0.0,0,7616197114827762,False,1705543802,826203.0,826203.0,"[{'sequence': 2147483649, 'witness': '0140b6207e2147ddb098ee5953c8bc50a79401f4c22f877a95386b7a783aabf1af1ffad064b272e7fa13acbe014e42a0ecd7b6f2a493b22c7a1acb8773af476ddbc0', 'script': '', 'index': 0, 'prev_out': {'type': 0, 'spent': True, 'value': 546, 'spending_outpoints': [{'tx_index': 7616197114827762, 'n': 0}], 'n': 0, 'tx_index': 841391932729111, 'script': '5120f6dbf1e886f2f83ddbc4fff6c9d3371864fc9baa5f9c2b6b069348074b4745b3', 'addr': 'bc1p7mdlr6yx7turmk7yllmvn5ehrpj0exa2t7wzk6cxjdyqwj68gkesrjg8zt'}}, {'sequence': 2147483649, 'witness': '01400aeb9d1280f736f077e98777502cc93a29f5970d24052ac98d441182db2f1d4d5e600c2c4d1a08446f274878065684ed6d7d8841fb8573c4699b3be874d9b62e', 'script': '', 'index': 1, 'prev_out': {'type': 0, 'spent': True, 'value': 317390, 'spending_outpoints': [{'tx_index': 7616197114827762, 'n': 1}], 'n': 1, 'tx_index': 7918169545843634, 'script': '5120f6dbf1e886f2f83ddbc4fff6c9d3371864fc9baa5f9c2b6b069348074b4745b3', 'addr': 'bc1p7mdlr6yx7turmk7yllmvn5ehrpj0exa2t7wzk6cxjdyqwj68gkesrjg8zt'}}]","[{'type': 0, 'spent': False, 'value': 546, 'spending_outpoints': [], 'n': 0, 'tx_index': 7616197114827762, 'script': '76a9140307c91ad43258578beb1eb2ac0390845faf9dd188ac', 'addr': '1H2MXWiSniAgg7ykdXEzPHL6oTH1ic4kP'}, {'type': 0, 'spent': True, 'value': 303452, 'spending_outpoints': [{'tx_index': 6694274961167943, 'n': 0}], 'n': 1, 'tx_index': 7616197114827762, 'script': '5120f6dbf1e886f2f83ddbc4fff6c9d3371864fc9baa5f9c2b6b069348074b4745b3', 'addr': 'bc1p7mdlr6yx7turmk7yllmvn5ehrpj0exa2t7wzk6cxjdyqwj68gkesrjg8zt'}]",546,1000000295850
7143416a3ca935c8fabaaa88306c7edbac78ac72536786e660a8782720062094,1,1,1,217,541,200,0.0.0.0,0,5211688404315925,False,1695708926,810394.0,810394.0,"[{'sequence': 4294967295, 'witness': '024730440220215a860d5e69113553b6611eaf6f2e0178773bca45110bc7b16ecfa1af67208f0220014dc86b8f678c5a70bd0add62f46fe179438959792f9eb61293e2916285903b0121027a2ab92843458e08e913c9e3ac8d2dcb85d6a26537f8b7cd8442a734810be255', 'script': '1600148fdea57f035a1a421fc097a48276ed0db7930450', 'index': 0, 'prev_out': {'type': 0, 'spent': True, 'value': 800, 'spending_outpoints': [{'tx_index': 5211688404315925, 'n': 0}], 'n': 1090, 'tx_index': 8418599872579856, 'script': 'a91498735b8dc87f5154512ba4f73086910dd1ace96987', 'addr': '3Fb6ptcq6ypvoJZ5QKHTQLs6ZYjgeD75AM'}}]","[{'type': 0, 'spent': False, 'value': 600, 'spending_outpoints': [], 'n': 0, 'tx_index': 5211688404315925, 'script': '76a9140307c91ad43258578beb1eb2ac0390845faf9dd188ac', 'addr': '1H2MXWiSniAgg7ykdXEzPHL6oTH1ic4kP'}]",600,1000000295304
78d358fa5ed57bbccf2701fe08f4e37210cfc2b7c8baaff4112f4cc563762eaf,1,1,2,249,669,3350,0.0.0.0,0,6163650867407237,False,1667572506,761702.0,761702.0,"[{'sequence': 0, 'witness': '024730440220729e9a18a36fff6dee671db5d716fc5d50a5c2c98a4e27ea8ecadd1bf7249c8a0220552df99574594b06aaba61c04a5121807988e144b2261e98d2c42ebfbc9424d2012102a9476d41ef2293c2071ed3c2944f26c8f8ef72eb98af99fc4dc597a7fb9f1d40', 'script': '1600141194235c123bcef95c49815b838198f86e23b9ea', 'index': 0, 'prev_out': {'type': 0, 'spent': True, 'value': 5056233967785, 'spending_outpoints': [{'tx_index': 6163650867407237, 'n': 0}], 'n': 1, 'tx_index': 6241778180902623, 'script': 'a9148dc43a30122d1e621c7e604dab9b02f2b0d8583987', 'addr': '3EccGhkTmgaoVxBR9ggofDnQpeGZGjky4L'}}]","[{'type': 0, 'spent': False, 'value': 1000000000000, 'spending_outpoints': [], 'n': 0, 'tx_index': 6163650867407237, 'script': '76a9140307c91ad43258578beb1eb2ac0390845faf9dd188ac', 'addr': '1H2MXWiSniAgg7ykdXEzPHL6oTH1ic4kP'}, {'type': 0, 'spent': True, 'value': 4056233964435, 'spending_outpoints': [{'tx_index': 6169433333054569, 'n': 0}], 'n': 1, 'tx_index': 6163650867407237, 'script': 'a91485c48a7351e2da28444ac316bc649070252e2e5887', 'addr': '3DtKExDtwnD3d5f6vq7ERSzqt1idx54b4V'}]",1000000000000,1000000294704
26333c5a009a9f21080bda644a6b5fb3540a01e7d753e9622bfa76ead9e966b1,1,1,2,250,670,3350,0.0.0.0,0,6241778180902623,False,1667571073,761699.0,761699.0,"[{'sequence': 0, 'witness': '02483045022100fe64b0c25e755db98b0115bd84de96bdc6fdff1ac223511c14c8d6cba0505f8d02203fc597b136c7353b2254ffa35f931a88a45cb653199df82cbae9d1bfb32f53930121020a3b210305a96835cfaa6e66b55b8700cf5f90b2ee3fcec05652533f514166d6', 'script': '16001455a4bc194d350153e2b7348614c988ffcd3d4655', 'index': 0, 'prev_out': {'type': 0, 'spent': True, 'value': 5056234071135, 'spending_outpoints': [{'tx_index': 6241778180902623, 'n': 0}], 'n': 1, 'tx_index': 7407158906496837, 'script': 'a91481a4ca94d02062a7348aa01f37717f8bd1508fba87', 'addr': '3DWWWC7ctXz6ZnRfHXQB8RArJGUDNucuyJ'}}]","[{'type': 0, 'spent': False, 'value': 100000, 'spending_outpoints': [], 'n': 0, 'tx_index': 6241778180902623, 'script': '76a9140307c91ad43258578beb1eb2ac0390845faf9dd188ac', 'addr': '1H2MXWiSniAgg7ykdXEzPHL6oTH1ic4kP'}, {'type': 0, 'spent': True, 'value': 5056233967785, 'spending_outpoints': [{'tx_index': 6163650867407237, 'n': 0}], 'n': 1, 'tx_index': 6241778180902623, 'script': 'a9148dc43a30122d1e621c7e604dab9b02f2b0d8583987', 'addr': '3EccGhkTmgaoVxBR9ggofDnQpeGZGjky4L'}]",100000,294704
0aead9fee9f8f583f60a24eff4d4f9101e6a52d539f3a8e8b03002002cfa14db,1,1,2,223,892,5296,0.0.0.0,0,7708260576526406,False,1667373408,761378.0,761378.0,"[{'sequence': 4294967295, 'witness': '', 'script': '473044022019ddefa063a757bdec97b98297107137f6c1e22de3cdb402d3bf2ba67b9090e20220449d8ebb8c8699c166a6169677293a05bd2304189d7286225100901a2a312b97012103dffcff271db5b6ba518444d9443e7f2ecf6e3cbe4a8d00783d26556f1b77b736', 'index': 0, 'prev_out': {'type': 0, 'spent': True, 'value': 500000, 'spending_outpoints': [{'tx_index': 7708260576526406, 'n': 0}], 'n': 0, 'tx_index': 7527927245848614, 'script': '76a9140307c91ad43258578beb1eb2ac0390845faf9dd188ac', 'addr': '1H2MXWiSniAgg7ykdXEzPHL6oTH1ic4kP'}}]","[{'type': 0, 'spent': True, 'value': 300000, 'spending_outpoints': [{'tx_index': 92467642376165, 'n': 8}], 'n': 0, 'tx_index': 7708260576526406, 'script': 'a914987d41b49831ebdbdeedcb1fca1cb3f3c50558e487', 'addr': '3FbJggpjbTXEdemtu8gAivZAJ2fWQj75AM'}, {'type': 0, 'spent': False, 'value': 194704, 'spending_outpoints': [], 'n': 1, 'tx_index': 7708260576526406, 'script': '76a9140307c91ad43258578beb1eb2ac0390845faf9dd188ac', 'addr': '1H2MXWiSniAgg7ykdXEzPHL6oTH1ic4kP'}]",-305296,194704
73d984aec54d14ad7ae20b09cb6727b6e4bc63ab9414142f4b3001122be1f4d5,1,1,2,249,669,2513,0.0.0.0,0,7527927245848614,False,1667370686,761373.0,761373.0,"[{'sequence': 0, 'witness': '024730440220460172dd85799e166db088c0aa11cba35def9297b7b0e9fe7dcae3ee2e5b36fd02201f40a0ffac1b3b5bcb5e16213d0e310166e8e478eafb237c7c836dc2fe4048db012102e8e93d78a3ffec22892696cc1660c419cb90e4d313c92113fade7a35a1e635bd', 'script': '1600145d85a58e1c7bfb854fec2a996bcaadf9e761eaff', 'index': 0, 'prev_out': {'type': 0, 'spent': True, 'value': 5056237086213, 'spending_outpoints': [{'tx_index': 7527927245848614, 'n': 0}], 'n': 1, 'tx_index': 4237107544964191, 'script': 'a914288b23e4a5886136a544159550a8e99f2e5672ab87', 'addr': '35PPdr9CSZuqwi2S7vj9ResHQCVTsYuB3z'}}]","[{'type': 0, 'spent': True, 'value': 500000, 'spending_outpoints': [{'tx_index': 7708260576526406, 'n': 0}], 'n': 0, 'tx_index': 7527927245848614, 'script': '76a9140307c91ad43258578beb1eb2ac0390845faf9dd188ac', 'addr': '1H2MXWiSniAgg7ykdXEzPHL6oTH1ic4kP'}, {'type': 0, 'spent': True, 'value': 5056236583700, 'spending_outpoints': [{'tx_index': 8866066794741940, 'n': 0}], 'n': 1, 'tx_index': 7527927245848614, 'script': 'a914605d4ea111b2b5fb8194c8d4c2ef2ff58403dd3987', 'addr': '3AUYa44VomiKaExnswMMCbfizeGxXQkjPe'}]",500000,500000
