hash,ver,vin_sz,vout_sz,size,weight,fee,relayed_by,lock_time,tx_index,double_spend,time,block_index,block_height,inputs,out,result,balance
d75fff6f8abe5fdcbf3569d429cfedd12fc0b443f87919f5f9687940fa0d6895,1,1,1,191,437,113,0.0.0.0,0,5256772596535085,False,1731408162,,,"[{'sequence': 4294967295, 'witness': '02473044022047ce3c5f73549dd76904e4555fd498dfdfbb988edc87d336513890a5f5852b0802201bc17f12ce80a21db18e9f5f94a8fe9c48f1dc807109de9e87463123548c9ce6012102159b7ca211e96710942a76b1a75cc9809b70199cc36129c938e15607e69aea7b', 'script': '', 'index': 0, 'prev_out': {'type': 0, 'spent': True, 'value': 443, 'spending_outpoints': [{'tx_index': 5256772596535085, 'n': 0}], 'n': 6, 'tx_index': 1641130212132113, 'script': '00141385f8d06b7b5426b2505efd9c0428a89d763d5c', 'addr': 'bc1qzwzl35rt0d2zdvjstm7ecppg4zwhv02u4zk8nr'}}]","[{'type': 0, 'spent': False, 'value': 330, 'spending_outpoints': [], 'n': 0, 'tx_index': 5256772596535085, 'script': '001413aee2d79f6b6383fa3afc0c36f74bd1a9a7c5e9', 'addr': 'bc1qzwhw94uldd3c8736lsxrda6t6x56030f8zk8nr'}]",330,1176099727026
c5deecef4639e5a2a9eb029941af0803af475134db6cd7cfb648d2aa4a58139f,1,6,2,966,1920,2699,0.0.0.0,0,5596973903469129,False,1730968557,869252.0,869252.0,"[{'sequence': 4294967295, 'witness': '02483045022100eeddbe4bc9db268d217e25bd5cbad8490291a3d31f05b562681dd9b696a4034c022017a9614b04599f6b6fe22bd1eebde5d93416f6c6d85f288e216222892e72922d0121024c242aa0ac1c76b48d7dd8dfbe038d9f7a88e2c09136ff4396f67946c7dca841', 'script': '', 'index': 0, 'prev_out': {'type': 0, 'spent': True, 'value': 453230549, 'spending_outpoints': [{'tx_index': 5596973903469129, 'n': 0}], 'n': 1, 'tx_index': 6479179715732710, 'script': '0014582824ffee2a60576a0b9a51dfa4aca15281e0c6', 'addr': 'bc1qtq5zfllw9fs9w6stnfgalf9v59fgrcxxyawuvm'}}, {'sequence': 4294967295, 'witness': '0247304402201acbefb89b7e3fb3f7b9b8cb2cc501905a2d10887794179a419c72682459ffac0220109a669842b193bb017a98425bf34c167aab332422cfa29257e88f1aa986d64b0121024c242aa0ac1c76b48d7dd8dfbe038d9f7a88e2c09136ff4396f67946c7dca841', 'script': '', 'index': 1, 'prev_out': {'type': 0, 'spent': True, 'value': 7558057070, 'spending_outpoints': [{'tx_index': 5596973903469129, 'n': 1}], 'n': 1, 'tx_index': 5038634506726743, 'script': '0014582824ffee2a60576a0b9a51dfa4aca15281e0c6', 'addr': 'bc1qtq5zfllw9fs9w6stnfgalf9v59fgrcxxyawuvm'}}, {'sequence': 4294967295, 'witness': '02483045022100ab7fba9a2146c0dfa34e6006d521076b12044b98fa1158c48a6ead36e84397b7022025240f8fd45f502490565169d5f0517f14ecfb407bffed6a7868f63943acbcaf0121024c242aa0ac1c76b48d7dd8dfbe038d9f7a88e2c09136ff4396f67946c7dca841', 'script': '', 'index': 2, 'prev_out': {'type': 0, 'spent': True, 'value': 11640537572, 'spending_outpoints': [{'tx_index': 5596973903469129, 'n': 2}], 'n': 1, 'tx_index': 3945967390478425, 'script': '0014582824ffee2a60576a0b9a51dfa4aca15281e0c6', 'addr': 'bc1qtq5zfllw9fs9w6stnfgalf9v59fgrcxxyawuvm'}}, {'sequence': 4294967295, 'witness': '02483045022100806c5f17200d00786cde6762c5da678beafe5d07a7bf8c2a3ae2d6d51c6ae18d022012d41eac5f942e0daef21f6656c0af5146835b77a5c07a1cabe123cc27eb2ad90121024c242aa0ac1c76b48d7dd8dfbe038d9f7a88e2c09136ff4396f67946c7dca841', 'script': '', 'index': 3, 'prev_out': {'type': 0, 'spent': True, 'value': 19712419058, 'spending_outpoints': [{'tx_index': 5596973903469129, 'n': 3}], 'n': 1, 'tx_index': 8559804619491815, 'script': '0014582824ffee2a60576a0b9a51dfa4aca15281e0c6', 'addr': 'bc1qtq5zfllw9fs9w6stnfgalf9v59fgrcxxyawuvm'}}, {'sequence': 4294967295, 'witness': '024830450221009f4b5ec81fda1cee46063512a88884df07a07221369c0cd13aca698d4b5595b2022017c09f34ac3acd3d1ad6a2b120cdba014b4edab46a75972037fb85551017eb170121024c242aa0ac1c76b48d7dd8dfbe038d9f7a88e2c09136ff4396f67946c7dca841', 'script': '', 'index': 4, 'prev_out': {'type': 0, 'spent': True, 'value': 54695708516, 'spending_outpoints': [{'tx_index': 5596973903469129, 'n': 4}], 'n': 1, 'tx_index': 3184656798760812, 'script': '0014582824ffee2a60576a0b9a51dfa4aca15281e0c6', 'addr': 'bc1qtq5zfllw9fs9w6stnfgalf9v59fgrcxxyawuvm'}}, {'sequence': 4294967295, 'witness': '0247304402207a1cf8a4f9bfc9e5af47345e33d3d0779bb9f18de39053e259d8575d9e644223022037e2cb600176a6cf0c2fda3831fc9f36bda1aa9c226d3b380f6a805854e9b0ff0121024c242aa0ac1c76b48d7dd8dfbe038d9f7a88e2c09136ff4396f67946c7dca841', 'script': '', 'index': 5, 'prev_out': {'type': 0, 'spent': True, 'value': 147515792040, 'spending_outpoints': [{'tx_index': 5596973903469129, 'n': 5}], 'n': 1, 'tx_index': 3571844153679904, 'script': '0014582824ffee2a60576a0b9a51dfa4aca15281e0c6', 'addr': 'bc1qtq5zfllw9fs9w6stnfgalf9v59fgrcxxyawuvm'}}]","[{'type': 0, 'spent': False, 'value': 100000000000, 'spending_outpoints': [], 'n': 0, 'tx_index': 5596973903469129, 'script': '001413aee2d79f6b6383fa3afc0c36f74bd1a9a7c5e9', 'addr': 'bc1qzwhw94uldd3c8736lsxrda6t6x56030f8zk8nr'}, {'type': 0, 'spent': True, 'value': 141575742106, 'spending_outpoints': [{'tx_index': 5034980973839549, 'n': 2}], 'n': 1, 'tx_index': 5596973903469129, 'script': '0014582824ffee2a60576a0b9a51dfa4aca15281e0c6', 'addr': 'bc1qtq5zfllw9fs9w6stnfgalf9v59fgrcxxyawuvm'}]",100000000000,1176099726696
98c06e4b68f15607832845bd5f7dbee49917aa6ce9ad49c51af507f353feec9d,1,1,2,223,562,2369,0.0.0.0,0,5556518552232190,False,1729598742,866853.0,866853.0,"[{'sequence': 4294967295, 'witness': '02483045022100c1d30d99dd67ca213bd4ede6efa4a355678b918186b06934e25b1b9ad0ab4294022039398d7d8748087baae1600010094d6bb55a913f73cfa2efbeb0eb466fa7786801210361bb6f0f6ac0f0d7c667bb8e59e4ac3e0b08766643837783e93a2c875e440a5c', 'script': '', 'index': 0, 'prev_out': {'type': 0, 'spent': True, 'value': 230000000000, 'spending_outpoints': [{'tx_index': 5556518552232190, 'n': 0}], 'n': 0, 'tx_index': 6806681940412646, 'script': '0014b3264c4958be1b1d6302b1b911c808937faaf43c', 'addr': 'bc1qkvnycj2chcd36cczkxu3rjqgjdl64apud6cazu'}}]","[{'type': 0, 'spent': True, 'value': 100000, 'spending_outpoints': [{'tx_index': 1326171496208750, 'n': 0}], 'n': 0, 'tx_index': 5556518552232190, 'script': '00147c0c28a40ee04394b00a2bab6311ac581c440dba', 'addr': 'bc1q0sxz3fqwuppefvq29w4kxydvtqwygrd655z4fr'}, {'type': 0, 'spent': False, 'value': 229999897631, 'spending_outpoints': [], 'n': 1, 'tx_index': 5556518552232190, 'script': '001413aee2d79f6b6383fa3afc0c36f74bd1a9a7c5e9', 'addr': 'bc1qzwhw94uldd3c8736lsxrda6t6x56030f8zk8nr'}]",229999897631,1076099726696
27630c35fd25c7ce21692b17009f407dcee1652dcc604c52e88fffebd897f399,1,1,1,192,438,322,0.0.0.0,0,5416688117710833,False,1728050775,864131.0,864131.0,"[{'sequence': 4294967295, 'witness': '02483045022100d138bec1fcf1320a40e81fc366aa5b3233d885c2b04cd5a27f01cebc10218ccd022053c3c1cd93371e5f4519f431d3420f751734ff74ede9d06afd7ed7f34228191a012102220183a23b5db3a0011f7c93ad6d3bfcb5114138c3120d80fd747df81561a94f', 'script': '', 'index': 0, 'prev_out': {'type': 0, 'spent': True, 'value': 65999829358, 'spending_outpoints': [{'tx_index': 5416688117710833, 'n': 0}], 'n': 1, 'tx_index': 2150454759198272, 'script': '0014d90b23b955255e3cb398d9a8654fdb44fb8a6f46', 'addr': 'bc1qmy9j8w24y40revucmx5x2n7mgnac5m6xuxdv3k'}}]","[{'type': 0, 'spent': False, 'value': 65999829036, 'spending_outpoints': [], 'n': 0, 'tx_index': 5416688117710833, 'script': '001413aee2d79f6b6383fa3afc0c36f74bd1a9a7c5e9', 'addr': 'bc1qzwhw94uldd3c8736lsxrda6t6x56030f8zk8nr'}]",65999829036,846099829065
a86e42764081d08312f384c7bdc4c6d64101b34340ab0c1802077238209e1e3d,1,2,2,371,833,502,0.0.0.0,0,2150454759198272,False,1727876985,863821.0,863821.0,"[{'sequence': 4294967295, 'witness': '02483045022100bbd6d56c06f0e6d732e391054ead68f7a31cf27acd0205c87b48691f2f04936e02202794e7fa0305cdb3060a027153876e34fee6e1383062e3a21192082b9b232d15012102220183a23b5db3a0011f7c93ad6d3bfcb5114138c3120d80fd747df81561a94f', 'script': '', 'index': 0, 'prev_out': {'type': 0, 'spent': True, 'value': 22360, 'spending_outpoints': [{'tx_index': 2150454759198272, 'n': 0}], 'n': 1, 'tx_index': 989105297966221, 'script': '0014d90b23b955255e3cb398d9a8654fdb44fb8a6f46', 'addr': 'bc1qmy9j8w24y40revucmx5x2n7mgnac5m6xuxdv3k'}}, {'sequence': 4294967295, 'witness': '0247304402200acb807159147cba5ff1388a9bc43cf17292c0a8d087f8bc24f2106d983752d202207f382732f764de30e9d12fe0e47c74f62a659815ff73a5bdd3e5fd7210c402de012102220183a23b5db3a0011f7c93ad6d3bfcb5114138c3120d80fd747df81561a94f', 'script': '', 'index': 1, 'prev_out': {'type': 0, 'spent': True, 'value': 66099807500, 'spending_outpoints': [{'tx_index': 2150454759198272, 'n': 1}], 'n': 0, 'tx_index': 2199526405898699, 'script': '0014d90b23b955255e3cb398d9a8654fdb44fb8a6f46', 'addr': 'bc1qmy9j8w24y40revucmx5x2n7mgnac5m6xuxdv3k'}}]","[{'type': 0, 'spent': False, 'value': 100000000, 'spending_outpoints': [], 'n': 0, 'tx_index': 2150454759198272, 'script': '001413aee2d79f6b6383fa3afc0c36f74bd1a9a7c5e9', 'addr': 'bc1qzwhw94uldd3c8736lsxrda6t6x56030f8zk8nr'}, {'type': 0, 'spent': True, 'value': 65999829358, 'spending_outpoints': [{'tx_index': 5416688117710833, 'n': 0}], 'n': 1, 'tx_index': 2150454759198272, 'script': '0014d90b23b955255e3cb398d9a8654fdb44fb8a6f46', 'addr': 'bc1qmy9j8w24y40revucmx5x2n7mgnac5m6xuxdv3k'}]",100000000,780100000029
0a9a0def690c1680dd7211358b2c24e93f80d5d46608ba62f8db82ff0f1465e5,1,2,2,371,833,1003,0.0.0.0,0,8071113313611867,False,1727452959,863110.0,863110.0,"[{'sequence': 4294967295, 'witness': '0248304502210087c02943921f721f8efe9a5f5ac73d47c0626164b17edfc3824e9bb9e2b551dd02207ba517ea4957acd01b0dd528d900fff961e921eea4a9998c65f4fd8a11b432d801210335ada461b371ed290d1e0a16e45196554a8bbc561fdf5c1aab5198dd9f26da4f', 'script': '', 'index': 0, 'prev_out': {'type': 0, 'spent': True, 'value': 103909, 'spending_outpoints': [{'tx_index': 8071113313611867, 'n': 0}], 'n': 1, 'tx_index': 4136677357551595, 'script': '001413aee2d79f6b6383fa3afc0c36f74bd1a9a7c5e9', 'addr': 'bc1qzwhw94uldd3c8736lsxrda6t6x56030f8zk8nr'}}, {'sequence': 4294967295, 'witness': '0247304402203a71171f5da27982d0840abcac4f4bf8bc05be9e397d5d290701f3b6efd66270022040ffe7f3eba371f40e8a191e33d0bf3aad20b0e684eaec350085a919d784dbfd01210335ada461b371ed290d1e0a16e45196554a8bbc561fdf5c1aab5198dd9f26da4f', 'script': '', 'index': 1, 'prev_out': {'type': 0, 'spent': True, 'value': 449999948477, 'spending_outpoints': [{'tx_index': 8071113313611867, 'n': 1}], 'n': 1, 'tx_index': 3223998925878384, 'script': '001413aee2d79f6b6383fa3afc0c36f74bd1a9a7c5e9', 'addr': 'bc1qzwhw94uldd3c8736lsxrda6t6x56030f8zk8nr'}}]","[{'type': 0, 'spent': True, 'value': 170000000000, 'spending_outpoints': [{'tx_index': 6136365451044692, 'n': 0}], 'n': 0, 'tx_index': 8071113313611867, 'script': '0014529024a25229ae18d8ffb80923869f26b8cff057', 'addr': 'bc1q22gzfgjj9xhp3k8lhqyj8p5ly6uvluzh374pgr'}, {'type': 0, 'spent': False, 'value': 280000051383, 'spending_outpoints': [], 'n': 1, 'tx_index': 8071113313611867, 'script': '001413aee2d79f6b6383fa3afc0c36f74bd1a9a7c5e9', 'addr': 'bc1qzwhw94uldd3c8736lsxrda6t6x56030f8zk8nr'}]",-170000001003,780000000029
0a994b5240f6b7af8e92aa203beb4e8a9c31609304ee06433438e0fe8c2e0257,1,1,2,222,561,1354,0.0.0.0,0,3061340241386503,False,1723215478,856041.0,856041.0,"[{'sequence': 4294967295, 'witness': '02473044022012fc8234428801e7a1caece3f4f163d7d81668ec9c04b8e499a75fe902e3c4030220301bc8b17a57ab8981ae4c144dbfcdc221fd7128b9deb0c79f5598e128a83a2f0121024e7240f432442efc758802ce8264390506870e9f50549c2b7d22dbe9ead8054e', 'script': '', 'index': 0, 'prev_out': {'type': 0, 'spent': True, 'value': 500000000000, 'spending_outpoints': [{'tx_index': 3061340241386503, 'n': 0}], 'n': 0, 'tx_index': 4041267767606650, 'script': '00140b7121b045844a4f789cf88c2f9a8da35e098ba3', 'addr': 'bc1qpdcjrvz9s39y77yulzxzlx5d5d0qnzar0vx7sa'}}]","[{'type': 0, 'spent': True, 'value': 50000, 'spending_outpoints': [{'tx_index': 8133473130987633, 'n': 0}], 'n': 0, 'tx_index': 3061340241386503, 'script': '0014ab0a47fbeb90f5f494b56462256823f5521afc76', 'addr': 'bc1q4v9y07ltjr6lf994v33z26pr74fp4lrkfw529k'}, {'type': 0, 'spent': False, 'value': 499999948646, 'spending_outpoints': [], 'n': 1, 'tx_index': 3061340241386503, 'script': '001413aee2d79f6b6383fa3afc0c36f74bd1a9a7c5e9', 'addr': 'bc1qzwhw94uldd3c8736lsxrda6t6x56030f8zk8nr'}]",499999948646,950000001032
a935a1b9daa370737fdabc4b77549aa042678c0e77be083e9282a3ddf5ada15b,1,1,2,223,562,1523,0.0.0.0,0,3223998925878384,False,1719470513,849659.0,849659.0,"[{'sequence': 4294967295, 'witness': '024830450221008819dac7025ac61114fe4636ab9c7addf750b8fd78fd3bd68941ac280b030f5202201154b660ab12dd853cc21dff79c40fb313b0879a0802d698443ea54d17ae4b7e01210276fdc65b9abad1772d66bfe679c257221173c2cd5639d6e021a26094899c3f35', 'script': '', 'index': 0, 'prev_out': {'type': 0, 'spent': True, 'value': 450000000000, 'spending_outpoints': [{'tx_index': 3223998925878384, 'n': 0}], 'n': 0, 'tx_index': 8900458497876801, 'script': '00143b2a71a976bf33e3730952e501cc5e51e9e79947', 'addr': 'bc1q8v48r2tkhue7xucf2tjsrnz728570x287epydv'}}]","[{'type': 0, 'spent': True, 'value': 50000, 'spending_outpoints': [{'tx_index': 1473779644387908, 'n': 0}], 'n': 0, 'tx_index': 3223998925878384, 'script': '001410fce1e98a9214d60be87c84140e9fef222f79a3', 'addr': 'bc1qzr7wr6v2jg2dvzlg0jzpgr5lau3z77drsk0a3j'}, {'type': 0, 'spent': True, 'value': 449999948477, 'spending_outpoints': [{'tx_index': 8071113313611867, 'n': 1}], 'n': 1, 'tx_index': 3223998925878384, 'script': '001413aee2d79f6b6383fa3afc0c36f74bd1a9a7c5e9', 'addr': 'bc1qzwhw94uldd3c8736lsxrda6t6x56030f8zk8nr'}]",449999948477,450000052386
c0e4d2c9ffa1502fc670b79c7940c813cc62e15deb07c069b35eff93034a9275,1,1,2,222,561,6091,0.0.0.0,0,4136677357551595,False,1717663604,846720.0,846720.0,"[{'sequence': 4294967295, 'witness': '024730440220061c6b4a71a1642b9d878e51ae299d0625a2957240860ca7a9280d75049461c20220343422b928ae558c9b17a53b8243010fa7778e59c33a28c4eb2942161a9b421501210258b52e6623ecc0f955b2b3b7570e7a5edef2add1a4dc991259bb072c5429e909', 'script': '', 'index': 0, 'prev_out': {'type': 0, 'spent': True, 'value': 150000, 'spending_outpoints': [{'tx_index': 4136677357551595, 'n': 0}], 'n': 0, 'tx_index': 6095869754824202, 'script': '0014ca60b031d7593312116002e3890993392d0b61eb', 'addr': 'bc1qefstqvwhtye3yytqqt3cjzvn8ykskc0t0wp0cg'}}]","[{'type': 0, 'spent': True, 'value': 40000, 'spending_outpoints': [{'tx_index': 3177227558764941, 'n': 0}], 'n': 0, 'tx_index': 4136677357551595, 'script': '0014f56092ef335c4030280c2fa815624c9033713d63', 'addr': 'bc1q74sf9ment3qrq2qv975p2cjvjqehz0tref9yqw'}, {'type': 0, 'spent': True, 'value': 103909, 'spending_outpoints': [{'tx_index': 8071113313611867, 'n': 0}], 'n': 1, 'tx_index': 4136677357551595, 'script': '001413aee2d79f6b6383fa3afc0c36f74bd1a9a7c5e9', 'addr': 'bc1qzwhw94uldd3c8736lsxrda6t6x56030f8zk8nr'}]",103909,103909
