wallet_address,timestamp,hash,amount_btc,balance_btc,fee,block_height,price_usd,transaction_value_usd,transaction_type,portfolio_pct
bc1qa2eu6p5rl9255e3xz7fcgm6snn4wl5kdfh7zpt05qp5fad9dmsys0qjg0e,2024-06-30 06:14:06,ed7a72052edf1ddccbf588f3ecc3e6464115f5fa3bb01359d7a35ce3e7affad9,0.002,0.002,2.58e-05,850077,62867.0,125.73400000000001,buy,100.0
bc1qa2eu6p5rl9255e3xz7fcgm6snn4wl5kdfh7zpt05qp5fad9dmsys0qjg0e,2024-07-02 02:58:50,2ebea1b5f8ebada80be2f1b7b4ab5caa6135b84bbb78e990ed7fa16c5d8e35cc,-0.000523,0.001477,2.3e-05,850318,62219.0,-32.540537,sell,35.409614082599866
bc1qa2eu6p5rl9255e3xz7fcgm6snn4wl5kdfh7zpt05qp5fad9dmsys0qjg0e,2024-07-15 14:13:44,dfb2da9974a9e3780735d2765c4d1fe89aac664bf83759e83d06eaa4e352af9a,-0.00063,0.000847,3e-05,852316,64882.0,-40.87566,sell,74.38016528925621
bc1qa2eu6p5rl9255e3xz7fcgm6snn4wl5kdfh7zpt05qp5fad9dmsys0qjg0e,2024-07-31 16:26:55,76d4363c1c5180b8daadd2001580f9dc299944e5430291be027a3605fe8f48fe,-1.99e-05,0.0008271,1.99e-05,854826,64724.0,-1.2880076,sell,2.405996856486519
bc1qa2eu6p5rl9255e3xz7fcgm6snn4wl5kdfh7zpt05qp5fad9dmsys0qjg0e,2024-08-14 13:29:00,0ece9b1244942c38f97901a5cb5d2c1f0bc52c4be6d8e1ee5b1984e23ef6382f,88.0,88.0008271,0.00024747,856748,58777.0,5172376.0,buy,99.99906012247015
bc1qa2eu6p5rl9255e3xz7fcgm6snn4wl5kdfh7zpt05qp5fad9dmsys0qjg0e,2024-09-13 02:45:01,edbc32f25c6fe8b3902de46c586b7f21238beec32bbf63a58e535fd37dce3850,6157.965828,6245.9666551,4.04e-05,861092,60645.0,373449837.63906,buy,98.5910775391645
bc1qa2eu6p5rl9255e3xz7fcgm6snn4wl5kdfh7zpt05qp5fad9dmsys0qjg0e,2024-10-04 05:42:09,e42160ccc61817c0ef2a20f3b0706fb7a2d81d4480423d523756d90d21c14aba,0.01,6245.9766551,3.39e-05,864078,62191.0,621.91,buy,0.00016010306397534714
bc1qa2eu6p5rl9255e3xz7fcgm6snn4wl5kdfh7zpt05qp5fad9dmsys0qjg0e,2024-10-04 07:20:29,532a33585fb1c8b4203f4a06a27fabbffb8288165baa3ab803f2ed317d217854,500.0,6745.9766551,0.0001005,864083,62191.0,31095500.0,buy,7.411825233963667
bc1qa2eu6p5rl9255e3xz7fcgm6snn4wl5kdfh7zpt05qp5fad9dmsys0qjg0e,2024-10-04 09:21:31,d88471e4ab31f6c16255e158def5210400952a6bb858ad4f8c1491cf20e85257,2500.0,9245.9766551,0.0012549,864095,62191.0,155477500.0,buy,27.03878771553054
bc1qa2eu6p5rl9255e3xz7fcgm6snn4wl5kdfh7zpt05qp5fad9dmsys0qjg0e,2024-10-14 08:45:41,6cfde4b83c2bae5df8911f8612e6455deca30b0bd51227fbe9a4c1a31d47795a,200.0,9445.9766551,0.00064828,865576,66179.0,13235800.0,buy,2.1173035600508023
bc1qa2eu6p5rl9255e3xz7fcgm6snn4wl5kdfh7zpt05qp5fad9dmsys0qjg0e,2024-10-15 03:18:40,cf2753e3d7a880f0eff8b85e0ec033b73f79f510b92995109b276fa21c91abd4,500.0,9945.9766551,0.0003342,865689,67123.0,33561500.0,buy,5.027158391163274
bc1qa2eu6p5rl9255e3xz7fcgm6snn4wl5kdfh7zpt05qp5fad9dmsys0qjg0e,2024-10-17 12:49:44,5ffe39dcdfe082d09e5be14d7023df6e41561804e94f5ddf0c9fcc04cceef2b0,1000.0,10945.9766551,0.0186225,866051,67453.0,67453000.0,buy,9.135776838461238
bc1qa2eu6p5rl9255e3xz7fcgm6snn4wl5kdfh7zpt05qp5fad9dmsys0qjg0e,2024-10-20 02:18:01,7c0e3d449f70c9060dd6ff02e553c8be5b6560888f22282d419c9291600a50ec,5537.6499706,16483.6266257,4.04e-05,866445,69045.0,382347042.22007704,buy,33.594852008878455
bc1qa2eu6p5rl9255e3xz7fcgm6snn4wl5kdfh7zpt05qp5fad9dmsys0qjg0e,2024-10-20 02:30:46,17b3ffd28b6c4d530ae43d121f894ff1357bba4d54102760b7c5a61385c0977f,5360.28523237,21843.91185807,4.04e-05,866447,69045.0,370100893.86898667,buy,24.539035257046688
bc1qa2eu6p5rl9255e3xz7fcgm6snn4wl5kdfh7zpt05qp5fad9dmsys0qjg0e,2024-10-20 02:47:47,34744d5346df8638e7c4b1d6daca13a56a9a43e1cfe5616cce16a4483ae8e0d3,5345.92987978,27189.84173785,4.04e-05,866450,69045.0,369109728.5494101,buy,19.661496860932896
bc1qa2eu6p5rl9255e3xz7fcgm6snn4wl5kdfh7zpt05qp5fad9dmsys0qjg0e,2024-10-20 02:52:39,8d1a5f5c8211134f29d585c328f596fe6620261c2dbe40deb903cc0a2b78997c,5140.8899274,32330.73166525,4.04e-05,866451,69045.0,354952745.03733295,buy,15.900939021821072
bc1qa2eu6p5rl9255e3xz7fcgm6snn4wl5kdfh7zpt05qp5fad9dmsys0qjg0e,2024-10-20 02:59:59,9c7bee7b257e85a4259bcdb00259b3861bf3a681c482ef9754759d7f92d8692e,5057.98426091,42817.65437316,4.04e-05,866452,69045.0,349228523.2945309,buy,11.812847609140793
bc1qa2eu6p5rl9255e3xz7fcgm6snn4wl5kdfh7zpt05qp5fad9dmsys0qjg0e,2024-10-20 03:08:10,7fdebd985cf1c390b0f456c65b4ece299c5b2860af2f0405c170c507283bd6aa,5428.938447,37759.67011225,0.0001886,866452,69045.0,374841055.07311505,buy,14.377610903011421
bc1qa2eu6p5rl9255e3xz7fcgm6snn4wl5kdfh7zpt05qp5fad9dmsys0qjg0e,2024-10-20 03:25:41,da2a0b277a1f470a9897649fd1ddda4a7f625bd2396fa612f584235e6d11f917,6392.6644345,49210.31880766,0.00023575,866453,69045.0,441381515.8800525,buy,12.990495874424063
bc1qa2eu6p5rl9255e3xz7fcgm6snn4wl5kdfh7zpt05qp5fad9dmsys0qjg0e,2024-10-28 08:32:02,b44ce887f7e112576dfb968d3e31884d3e6f33399a1ac2d99f53806f3e6fd96b,5.46e-06,49210.31881312,4.1e-06,867740,69989.0,0.38213994,buy,1.109523395029155e-08
bc1qa2eu6p5rl9255e3xz7fcgm6snn4wl5kdfh7zpt05qp5fad9dmsys0qjg0e,2024-11-01 14:59:41,af41da245d15b90419eaaa6bc6102d00437ebb82d8971a3193f1e9b28f06d34e,500.0,49710.31881312,0.0007965,868424,69590.0,34795000.0,buy,1.0058273854160746
bc1qa2eu6p5rl9255e3xz7fcgm6snn4wl5kdfh7zpt05qp5fad9dmsys0qjg0e,2024-11-04 07:32:23,fe6085f91c0604c6f223cbe00f00a052604ca082a39a700c3ee89436704ada2e,2000.0,51710.31881312,0.0030535,868798,67858.0,135716000.0,buy,3.867699998578539
bc1qa2eu6p5rl9255e3xz7fcgm6snn4wl5kdfh7zpt05qp5fad9dmsys0qjg0e,2024-11-06 14:19:59,ceb9036430bcc17a92c72590dd2ae9761d81e983250200c5daebaa37c40aa31d,5.46e-06,51710.31881858,4.4e-06,869132,75580.0,0.4126668,buy,1.0558820995004522e-08
